Env_corr_avg_matrix__band__2__4_SUBJ = [1 0.122871897343479 0.745389670988053 0.0874635987565316 0.465566095108384 -0.0771935287978358 0.0653284207941820 0.0612849600572049 0.114069074975871 -0.110205778897171 0.0916370404488135 0.0109689689481647 0.121339190743135 -0.205822305586254;0.122871897343479 1 0.316182603776336 0.876668273865264 -0.0602151698558904 0.215289688331971 0.168269477074495 0.00104302647459694 0.177069822090623 -0.00460445285809878 -0.0403658353432141 0.114408817274953 -0.00734510799460619 0.0229877572400244;0.745389670988053 0.316182603776336 1 0.252326933351084 0.193864122691826 -0.00656433074183002 0.0648924862093531 0.0415830243865947 0.118955503026539 -0.0648901964261025 0.115349736711549 0.0758878385816765 0.0909616026652605 -0.158892014625725;0.0874635987565316 0.876668273865264 0.252326933351084 1 -0.0814774048101963 0.278324636306642 0.173104671245554 0.0411100909764491 0.202701661520723 0.0341567437616210 0.0607391742773420 0.175835480177931 -0.0427494634862707 0.0173842711098471;0.465566095108384 -0.0602151698558904 0.193864122691826 -0.0814774048101963 1 -0.0284076040532156 0.0601797809584844 0.0413917541814319 0.0252455750064119 -0.0593697622619946 0.00683606792899399 -0.0405175894482859 0.128296509952675 -0.147684037000160;-0.0771935287978358 0.215289688331971 -0.00656433074183002 0.278324636306642 -0.0284076040532156 1 0.135458671662426 0.0177136896011828 -0.00726890072331632 -0.155964908795549 0.0914957245818697 0.0509289122067289 -0.0337392407455917 -0.0733518794781133;0.0653284207941820 0.168269477074495 0.0648924862093531 0.173104671245554 0.0601797809584844 0.135458671662426 1 0.232701446763178 0.131090323139042 -0.139210645455399 0.114988931898822 0.0441981296515642 0.00347484529569528 -0.0451570532039641;0.0612849600572049 0.00104302647459694 0.0415830243865947 0.0411100909764491 0.0413917541814319 0.0177136896011828 0.232701446763178 1 0.0234686419559302 0.0107363798681873 0.0851415661045553 0.117518368027451 0.0213310573404748 0.0531372888261161;0.114069074975871 0.177069822090623 0.118955503026539 0.202701661520723 0.0252455750064119 -0.00726890072331632 0.131090323139042 0.0234686419559302 1 0.0263533773993763 0.0372781054542452 0.0421682936174717 0.408815792014772 0.128813874004111;-0.110205778897171 -0.00460445285809878 -0.0648901964261025 0.0341567437616210 -0.0593697622619946 -0.155964908795549 -0.139210645455399 0.0107363798681873 0.0263533773993763 1 0.0367412036123845 0.123280202781202 0.0662181751632893 0.307056049185553;0.0916370404488135 -0.0403658353432141 0.115349736711549 0.0607391742773420 0.00683606792899399 0.0914957245818697 0.114988931898822 0.0851415661045553 0.0372781054542452 0.0367412036123845 1 0.180868833272071 0.149222000668173 0.0102399664057118;0.0109689689481647 0.114408817274953 0.0758878385816765 0.175835480177931 -0.0405175894482859 0.0509289122067289 0.0441981296515642 0.117518368027451 0.0421682936174717 0.123280202781202 0.180868833272071 1 -0.0204473010783934 0.129203243173334;0.121339190743135 -0.00734510799460619 0.0909616026652605 -0.0427494634862707 0.128296509952675 -0.0337392407455917 0.00347484529569528 0.0213310573404748 0.408815792014772 0.0662181751632893 0.149222000668173 -0.0204473010783934 1 0.345554945048302;-0.205822305586254 0.0229877572400244 -0.158892014625725 0.0173842711098471 -0.147684037000160 -0.0733518794781133 -0.0451570532039641 0.0531372888261161 0.128813874004111 0.307056049185553 0.0102399664057118 0.129203243173334 0.345554945048302 1];
Env_corr_avg_matrix__band__4__7_5_SUBJ =[1 0.0700046886458843 0.711952905760664 0.0436216968858093 0.503612907247006 -0.0560659862324261 -0.0313312727510583 0.00265686756195345 -0.0824862205216314 0.0230746091720243 0.0235155729934318 -0.0410205513820011 -0.0273805426038901 0.182803418165748;0.0700046886458843 1 0.331697052264809 0.877857591804769 0.0173022040479441 0.215072033839027 0.00536466553642054 -0.0283848554288280 0.00778601929025726 0.0341216477599975 0.135457726422183 0.0382145221394034 -0.0282272096869253 0.0203123995857846;0.711952905760664 0.331697052264809 1 0.267047023824271 0.333456962740029 0.0365143913126176 -0.0358863131897956 0.0123386049772362 -0.0899474085003426 -0.00565305952437134 0.0986772346122019 0.0369957728543251 -0.0332393196470943 0.138921095899243;0.0436216968858093 0.877857591804769 0.267047023824271 1 -0.0135205264671720 0.325809646244327 0.0143021885065100 -0.0570056861842342 0.0238436077593704 0.0657015776789540 0.133172067845908 0.0928506928461444 0.0106857043578573 -0.0126546765338368;0.503612907247006 0.0173022040479441 0.333456962740029 -0.0135205264671720 1 0.00716622742843920 0.0308311518172133 0.0735533492008805 -0.00408824519738663 0.0156206116735700 0.00674327515822352 -0.0398851637867228 0.000605970696310511 0.0864440895969059;-0.0560659862324261 0.215072033839027 0.0365143913126176 0.325809646244327 0.00716622742843920 1 0.113592724621667 0.0118093941106760 0.00248405185359803 0.0443092842079609 0.0178345980644804 0.0657427412349014 0.0384268486115465 0.0122376015251038;-0.0313312727510583 0.00536466553642054 -0.0358863131897956 0.0143021885065100 0.0308311518172133 0.113592724621667 1 0.0638596214181067 0.0636925025739118 0.0485094255688881 0.0546809510571889 0.0146416669189052 0.0207176068618946 0.0396767856814352;0.00265686756195345 -0.0283848554288280 0.0123386049772362 -0.0570056861842342 0.0735533492008805 0.0118093941106760 0.0638596214181067 1 -0.0523408835511046 0.0212750868237620 -0.0196207424651878 -0.0901085459089156 0.0321350223034201 0.0259442490975986;-0.0824862205216314 0.00778601929025726 -0.0899474085003426 0.0238436077593704 -0.00408824519738663 0.00248405185359803 0.0636925025739118 -0.0523408835511046 1 0.0501003135564786 -0.0123322771100185 0.0160986513734260 0.432248151039282 0.0694758217316032;0.0230746091720243 0.0341216477599975 -0.00565305952437134 0.0657015776789540 0.0156206116735700 0.0443092842079609 0.0485094255688881 0.0212750868237620 0.0501003135564786 1 -0.0296829920955993 0.0125845882346772 0.0357772084249002 0.246838281223082;0.0235155729934318 0.135457726422183 0.0986772346122019 0.133172067845908 0.00674327515822352 0.0178345980644804 0.0546809510571889 -0.0196207424651878 -0.0123322771100185 -0.0296829920955993 1 0.148807762331982 -0.0480249638557901 -0.0645843148111363;-0.0410205513820011 0.0382145221394034 0.0369957728543251 0.0928506928461444 -0.0398851637867228 0.0657427412349014 0.0146416669189052 -0.0901085459089156 0.0160986513734260 0.0125845882346772 0.148807762331982 1 -0.0249461583501618 -0.0245294240458920;-0.0273805426038901 -0.0282272096869253 -0.0332393196470943 0.0106857043578573 0.000605970696310511 0.0384268486115465 0.0207176068618946 0.0321350223034201 0.432248151039282 0.0357772084249002 -0.0480249638557901 -0.0249461583501618 1 0.311146142987144;0.182803418165748 0.0203123995857846 0.138921095899243 -0.0126546765338368 0.0864440895969059 0.0122376015251038 0.0396767856814352 0.0259442490975986 0.0694758217316032 0.246838281223082 -0.0645843148111363 -0.0245294240458920 0.311146142987144 1];
Env_corr_avg_matrix__band__7_5__12_SUBJ =[1 0.171745688562748 0.683378880724750 0.165458144649138 0.556196428672815 0.0960777730653266 0.0594050077889474 0.0785358627996261 0.103872220897952 -0.0163705744040927 0.0202196965313535 0.0713267463109215 0.0510968577871318 0.00699770580686368;0.171745688562748 1 0.462742446231376 0.908878041782730 0.0334810852676802 0.261101204401638 0.0862388832244341 0.0223786022489597 0.143006612985731 0.0776473906920350 0.121183717864717 0.112473869296053 0.108102913611491 0.0724771110773187;0.683378880724750 0.462742446231376 1 0.429596241322983 0.299798404953354 0.0791885986189213 0.0684692006029902 0.0718924879780819 0.120543361277391 0.0361487640963616 0.122879322161680 0.0716605965737471 0.0904545989865125 0.0643614305099198;0.165458144649138 0.908878041782730 0.429596241322983 1 0.0319174776114903 0.344218590973323 0.0811725935649291 0.0346083213936543 0.160199330136870 0.0806133765761649 0.157240505850093 0.132221246279496 0.161861075803674 0.0640624401893802;0.556196428672815 0.0334810852676802 0.299798404953354 0.0319174776114903 1 0.104495229507605 -0.00780024091782234 0.0198253406629230 0.116971925043946 0.0196586462721471 0.00831283298872293 -0.0319588590071284 0.0876775689910085 0.00993779480003654;0.0960777730653266 0.261101204401638 0.0791885986189213 0.344218590973323 0.104495229507605 1 -0.00501447539091547 0.0155912478935806 0.139306879260372 0.132003856938545 -0.0245073788561056 -0.00161364902500143 0.138389682128896 0.136640712546402;0.0594050077889474 0.0862388832244341 0.0684692006029902 0.0811725935649291 -0.00780024091782234 -0.00501447539091547 1 0.293373512825482 0.0135313224165498 0.168897070294744 0.0510616991627860 0.0221538261217646 0.0597349897273918 0.0695942083933541;0.0785358627996261 0.0223786022489597 0.0718924879780819 0.0346083213936543 0.0198253406629230 0.0155912478935806 0.293373512825482 1 -0.0497122423777088 0.107982876626467 -0.00260495000485294 -0.00883027372374755 0.0415198086927946 0.120936013256504;0.103872220897952 0.143006612985731 0.120543361277391 0.160199330136870 0.116971925043946 0.139306879260372 0.0135313224165498 -0.0497122423777088 1 0.0345770882530349 0.0112146801468491 0.0637444774584953 0.550846778755489 0.148464443649246;-0.0163705744040927 0.0776473906920350 0.0361487640963616 0.0806133765761649 0.0196586462721471 0.132003856938545 0.168897070294744 0.107982876626467 0.0345770882530349 1 -0.0206787353473064 0.0872164573796096 0.107157806739353 0.233941404602536;0.0202196965313535 0.121183717864717 0.122879322161680 0.157240505850093 0.00831283298872293 -0.0245073788561056 0.0510616991627860 -0.00260495000485294 0.0112146801468491 -0.0206787353473064 1 0.225298450166091 0.0156475826250224 -0.0166326563977465;0.0713267463109215 0.112473869296053 0.0716605965737471 0.132221246279496 -0.0319588590071284 -0.00161364902500143 0.0221538261217646 -0.00883027372374755 0.0637444774584953 0.0872164573796096 0.225298450166091 1 0.00530642652508409 -0.0728290617080152;0.0510968577871318 0.108102913611491 0.0904545989865125 0.161861075803674 0.0876775689910085 0.138389682128896 0.0597349897273918 0.0415198086927946 0.550846778755489 0.107157806739353 0.0156475826250224 0.00530642652508409 1 0.403424747408834;0.00699770580686368 0.0724771110773187 0.0643614305099198 0.0640624401893802 0.00993779480003654 0.136640712546402 0.0695942083933541 0.120936013256504 0.148464443649246 0.233941404602536 -0.0166326563977465 -0.0728290617080152 0.403424747408834 1];
Env_corr_avg_matrix__band__12__30_SUBJ =[1 0.178736867634408 0.768077410540423 0.161887990943303 0.515636889064282 0.000455204864748686 -0.0319518930474465 -0.0325019108776877 0.0321484119094443 0.000891314157491848 0.0870579825063776 0.0393805534753698 0.0307928308800825 0.0206802241956672;0.178736867634408 1 0.390348311848012 0.879573683099363 0.0698974220965724 0.242911841955152 0.0231337691815222 0.0360818035925856 0.0170330505699420 0.0169323276163694 0.0573834187418306 0.0874250399232280 0.0160353465695496 0.0229431140772804;0.768077410540423 0.390348311848012 1 0.337875756302880 0.325773562166205 -0.0159242365340905 -0.0414777478834320 -0.0439832943261760 0.0297907243369166 0.0125125780088093 0.122686787363595 0.0556074597701071 0.0179679571508259 0.0371997810802739;0.161887990943303 0.879573683099363 0.337875756302880 1 0.0662636940577240 0.341112418245066 0.0152995771405430 0.0299842692619390 0.0300570009679273 0.0280420811967620 0.106128941699941 0.129055910915794 0.0407634807137096 -0.00552355572443149;0.515636889064282 0.0698974220965724 0.325773562166205 0.0662636940577240 1 0.00934766617388250 0.0175015731549515 0.0525533357418547 0.0220245944459934 0.0376295872385328 0.00754665747804494 0.0112766499664850 0.0487650666141458 0.0191311653860118;0.000455204864748686 0.242911841955152 -0.0159242365340905 0.341112418245066 0.00934766617388250 1 0.0290689649846761 0.0756622618969923 0.0288458135059624 -0.00647389270499762 -0.00856690914192046 0.0336076662784446 0.00501313742278841 -0.000200995607032268;-0.0319518930474465 0.0231337691815222 -0.0414777478834320 0.0152995771405430 0.0175015731549515 0.0290689649846761 1 0.229669520624762 0.0182347415905521 0.0210826918374906 0.0269188998333110 0.0354799506829208 0.0119196133193655 0.0679911970936054;-0.0325019108776877 0.0360818035925856 -0.0439832943261760 0.0299842692619390 0.0525533357418547 0.0756622618969923 0.229669520624762 1 -0.00134464429155726 0.0345313314461375 0.0152673021935994 0.0488274009871738 0.00574557092220624 0.00449762167465233;0.0321484119094443 0.0170330505699420 0.0297907243369166 0.0300570009679273 0.0220245944459934 0.0288458135059624 0.0182347415905521 -0.00134464429155726 1 -0.0114862369182771 0.0183261695317325 0.0260661878555002 0.567850983195785 0.111975640205311;0.000891314157491848 0.0169323276163694 0.0125125780088093 0.0280420811967620 0.0376295872385328 -0.00647389270499762 0.0210826918374906 0.0345313314461375 -0.0114862369182771 1 0.0581953935191653 0.0492053523587908 0.0667963004878961 0.238441015749441;0.0870579825063776 0.0573834187418306 0.122686787363595 0.106128941699941 0.00754665747804494 -0.00856690914192046 0.0269188998333110 0.0152673021935994 0.0183261695317325 0.0581953935191653 1 0.191293733569681 0.0320168855764428 0.0156212468683252;0.0393805534753698 0.0874250399232280 0.0556074597701071 0.129055910915794 0.0112766499664850 0.0336076662784446 0.0354799506829208 0.0488274009871738 0.0260661878555002 0.0492053523587908 0.191293733569681 1 -0.00924222168993283 0.0121569282712456;0.0307928308800825 0.0160353465695496 0.0179679571508259 0.0407634807137096 0.0487650666141458 0.00501313742278841 0.0119196133193655 0.00574557092220624 0.567850983195785 0.0667963004878961 0.0320168855764428 -0.00924222168993283 1 0.306394545838947;0.0206802241956672 0.0229431140772804 0.0371997810802739 -0.00552355572443149 0.0191311653860118 -0.000200995607032268 0.0679911970936054 0.00449762167465233 0.111975640205311 0.238441015749441 0.0156212468683252 0.0121569282712456 0.306394545838947 1];
Env_corr_avg_matrix__band__30__45_SUBJ =[1 0.0983542363518534 0.674516267044769 0.0898003205323230 0.460454137202551 -0.00242577323100234 0.0296758617621646 -0.0201819214139567 -0.0355642426462482 -0.00279828429606859 -0.00882513030339624 0.0178033448262079 -0.0134147122225440 -0.0186524276083745;0.0983542363518534 1 0.406406820693267 0.875710305689093 0.0392048886989280 0.250607759636392 0.0230278424359454 0.0393285302797580 -0.0247478318790631 0.0156890994199802 0.0515317167023438 0.106539470235245 0.00637498241963704 0.00847512848340174;0.674516267044769 0.406406820693267 1 0.337926114984428 0.143540161634111 0.0280753829191307 0.0311021023322531 0.0127621396717667 -0.0311534664304337 -0.0221651043209510 0.0223424711252644 0.0437180534467710 -0.0235580777924272 0.0185113972549821;0.0898003205323230 0.875710305689093 0.337926114984428 1 0.0373050015790294 0.358724937473430 0.0209083472341380 0.0316889760309925 -0.0274477166153257 0.0202123447695785 0.0819657274914708 0.109490844307915 0.00732016595216762 -0.0119486098558917;0.460454137202551 0.0392048886989280 0.143540161634111 0.0373050015790294 1 -0.00169587657310381 -0.00396889841774080 -0.0132206517529547 0.0233627994517667 0.00911230616840842 0.00434023025908690 -0.00722610639983130 0.0213994942560708 -0.00607637855387604;-0.00242577323100234 0.250607759636392 0.0280753829191307 0.358724937473430 -0.00169587657310381 1 0.0100437381835962 0.0415850443127367 0.0733130885216149 -0.0146989486597265 0.0248647646405165 0.0160162440902378 0.0443336790901304 0.0272581136629858;0.0296758617621646 0.0230278424359454 0.0311021023322531 0.0209083472341380 -0.00396889841774080 0.0100437381835962 1 0.183348576848894 0.00349352579040646 0.00890882107982741 0.0597533913562275 0.0240598515625191 0.0254263786025404 0.0567183045975193;-0.0201819214139567 0.0393285302797580 0.0127621396717667 0.0316889760309925 -0.0132206517529547 0.0415850443127367 0.183348576848894 1 0.0303725242199815 -0.0195472943332604 0.0269583678126264 0.0259279123992588 0.0662711000311273 0.0421604929781536;-0.0355642426462482 -0.0247478318790631 -0.0311534664304337 -0.0274477166153257 0.0233627994517667 0.0733130885216149 0.00349352579040646 0.0303725242199815 1 -0.00650306847706545 -0.00645368514767667 -0.0371710389233582 0.479893185588560 0.0820228256608952;-0.00279828429606859 0.0156890994199802 -0.0221651043209510 0.0202123447695785 0.00911230616840842 -0.0146989486597265 0.00890882107982741 -0.0195472943332604 -0.00650306847706545 1 0.0252727906054196 0.0155506976154863 0.0644417329165426 0.345127241969434;-0.00882513030339624 0.0515317167023438 0.0223424711252644 0.0819657274914708 0.00434023025908690 0.0248647646405165 0.0597533913562275 0.0269583678126264 -0.00645368514767667 0.0252727906054196 1 0.0879769707557294 0.00227154551839434 0.0259897140186361;0.0178033448262079 0.106539470235245 0.0437180534467710 0.109490844307915 -0.00722610639983130 0.0160162440902378 0.0240598515625191 0.0259279123992588 -0.0371710389233582 0.0155506976154863 0.0879769707557294 1 -0.00151836592399522 -0.000714015324146391;-0.0134147122225440 0.00637498241963704 -0.0235580777924272 0.00732016595216762 0.0213994942560708 0.0443336790901304 0.0254263786025404 0.0662711000311273 0.479893185588560 0.0644417329165426 0.00227154551839434 -0.00151836592399522 1 0.404647799835628;-0.0186524276083745 0.00847512848340174 0.0185113972549821 -0.0119486098558917 -0.00607637855387604 0.0272581136629858 0.0567183045975193 0.0421604929781536 0.0820228256608952 0.345127241969434 0.0259897140186361 -0.000714015324146391 0.404647799835628 1];

